$ANSIBLE_VAULT;1.1;AES256
62363061393830653739653236396134656539316432626330633332653165353633633961373561
6465616532663865613366383838353263383263633435640a636533363664303463323432306334
61346531396132363337613236366530303763356666333436386139616538333230306336383136
3262366332326539360a616632633231336234313162333537326466343666383135393562663963
36326635613234643130623664316365656564643339316538313137346538373730313035633561
64613032386430353339316137333533326361653539366636643637633166383733303563393535
37666232336335616264626336383163616165303739656332393434646531633461383230366263
65343731663131383231613865393164393866336361386239353537646662386535656430333165
38646365366334613862663436643431346638313433383536613237356133316561636166643534
61373062633061393737656362616633633835373666656431333163353730383966336438613633
32623233666663356664376337656430613261393265666437633239323832353266356331356638
31396538653634633330323130303434643061313136653261306162353537333531343631386662
65363539643630633665383035336536393637666333333734643362333566636664343163333466
38383562666664343061633330396361326236636337343739323066636638336666393139353961
36633262623266326536353634623737626436333532306439366439303731333039623862336562
66646630663137363463653535613939373866646165373335316162303535633935613732656466
38653162376166623735323130386635386665333732386137366538656666316363623061306565
65316531326339316264343333643361393037313763386531386433363232303530313436653532
35343033663063613532363833393032656461633539303730623438653161346439343039376666
38306439393165633036653362316339373530613135333634346266653435306630343462656534
34393030633639333165363034383737643333356531333239306432663265303565653364626435
65393165393032386163363866343930306562396430376562313430386461643037376433643032
65313830383230373663356530666266666437666134366534663139323631363030363037633163
61396130316539323962
